62 120.55 2908 2927
116 235.812 2845.05 2858.12
489 521.291 2793.57 2804.68
489 540.134 2592.34 2600.1
1013 1093.15 2592.34 2600.1
1487 1581.53 175 189.127
1310 1889 313 396.5
1335 1435.77 2534.99 2548.17
1411 1496.71 2349.08 2365.39
1684 1865 953 956
1411 1556.55 2265.25 2291.25
1738 1865 1127 1130
1820 1865 1214 1217
1412 1559.84 1013 1031
1816.51 1850.88 2186 2200
1836 2077 1848 2089
1836 1996 1848 2008
1836 1915 1848 1927
1716 1764 1433 1436
1412 1574.12 1187 1205
1611 1686.27 1370.34 1378.1
1730 1764 2001 2004
1730 1764 1595 1598
1752 1764 1676 1679
1836 1834 1848 1846
1716 1764 1839 1842
1802 2179 1866 2207
1411 2179 1459 2209
1502 1983 1538 2019
1504 1985 1536 2017
1477 1658 1513 1694
1479 1660 1511 1692
1525 1658 1561 1694
1527 1660 1559 1692
1502 1658 1538 1694
1504 1660 1536 1692
1454 1658 1490 1694
1456 1660 1488 1692
1477 1983 1513 2019
1479 1985 1511 2017
1454 1983 1490 2019
1456 1985 1488 2017
1454 1739 1490 1775
1456 1741 1488 1773
1477 1739 1513 1775
1479 1741 1511 1773
1525 1902 1561 1938
1527 1904 1559 1936
1502 1739 1538 1775
1504 1741 1536 1773
1525 1739 1561 1775
1527 1741 1559 1773
1502 1902 1538 1938
1504 1904 1536 1936
1477 1902 1513 1938
1479 1904 1511 1936
1454 1902 1490 1938
1456 1904 1488 1936
1454 1821 1490 1857
1456 1823 1488 1855
1477 1821 1513 1857
1479 1823 1511 1855
1502 1821 1538 1857
1504 1823 1536 1855
1525 1821 1561 1857
1527 1823 1559 1855
1454 1577 1490 1613
1456 1579 1488 1611
1454 2064 1490 2100
1456 2066 1488 2098
1477 1577 1513 1613
1479 1579 1511 1611
1502 1577 1538 1613
1504 1579 1536 1611
1477 2064 1513 2100
1479 2066 1511 2098
1525 1577 1561 1613
1527 1579 1559 1611
1525 2064 1561 2100
1527 2066 1559 2098
1525 1983 1561 2019
1527 1985 1559 2017
1502 2064 1538 2100
1504 2066 1536 2098
1411 2239 1480 2253
1610 2074 1644 2092
1610 1749 1644 1767
1610 1912 1644 1930
1610 1831 1636 1849
1610 1668 1636 1686
1610 1993 1636 2011
1610 1587 1636 1605
1644 1839 1764 1842
1644 1839 1716 1842
1651 1757 1771 1760
1651 1757 1771 1760
1651 1920 1771 1923
1651 1920 1771 1923
1644 1676 1764 1679
1644 1676 1752 1679
1644 2001 1764 2004
1644 2001 1730 2004
1644 1595 1764 1598
1644 1595 1730 1598
1651 2082 1771 2085
1651 2082 1771 2085
1836 1671 1848 1683
1836 1590 1848 1602
1836 1752 1848 1764
1412 1543.36 926 944
1412 1516.91 1100 1118
1456 1498 1488 1530
1527 1498 1559 1530
1504 1498 1536 1530
1479 1498 1511 1530
1610 1506 1644 1524
1411 2326 1447 2340
1651 1514 1771 1517
1651 1514 1771 1517
1836 1509 1848 1521
1387 2155 1890 2413
1454 1489.02 1370.35 1378.1
1502 1496 1538 1532
1477 1496 1513 1532
1525 1496 1561 1532
1454 1496 1490 1532
1205 1333 2377 2380
1334 1416.71 335.749 343.098
1334 1432.75 357.084 370.166
1310 1889 396.5 796
1310 1889 824 889.5
1334 1865 889.5 984.5
1334 1451.71 850.084 867.084
1334 1865 984.5 1071.5
1334 1865 1071.5 1158.5
1334 1865 1158.5 1253
1587 1355 1800 1395
1691 1368 1701 1378
1261 1355 1430 1395
1331 1368 1341 1378
1430 1355 1587 1395
1800 1355 1890 1395
1301 1668 1381 1687
1301 1506 1371 1525
1301 1912 1371 1931
1301 1749 1371 1768
1301 2074 1371 2093
1525 1415 1561 1451
1527 1417 1559 1449
1502 1415 1538 1451
1504 1417 1536 1449
1477 1415 1513 1451
1479 1417 1511 1449
1454 1415 1490 1451
1456 1417 1488 1449
1301 1425 1355 1444
1301 1831 1355 1850
1301 1587 1353 1606
1301 1993 1353 2012
1610 1425 1636 1443
1644 1433 1764 1436
1644 1433 1716 1436
1836 1428 1848 1440
1218 1368 1228 1378
1285 1920 1291 1926
1285 1839 1291 1845
1285 2001 1291 2007
1285 1757 1291 1763
1285 1514 1291 1520
1285 1676 1291 1682
1285 2082 1291 2088
1285 1595 1291 1601
1285 1433 1291 1439
1492 1543.13 2592.34 2600.1
1809 2529 1866 2557
1818 2535 1857 2551
1311 1890 2508 2576.5
1169 1234.86 2074 2092
1169 1234.86 1993 2011
1169 1234.86 1912 1930
1169 1234.86 1831 1849
1169 1234.86 1749 1767
1169 1234.86 1668 1686
1169 1234.86 1587 1605
1169 1234.86 1506 1524
1169 1234.86 1425 1443
1285 1327.15 1370.35 1378.1
1169 1215.18 1370.35 1378.1
1145 1355 1261 1395
1334 1175 1382 1223
1199 2529 1256 2557
1208 2535 1247 2551
1412 1214 1865 1217
1412 1214 1820 1217
1412 1127 1865 1130
1412 1127 1738 1130
1120 2350 1182 2366
1073.84 2276 1135.84 2292
1120 2377 1333 2380
1120 2377 1205 2380
1228 1204 1244 1220
1228 1112 1244 1128
1006 1091 2377 2380
878 1014.12 2217 2232.14
1030 1066.63 175 189.127
942 1669 1118 1688
942 1913 1103 1932
942 2075 1103 2094
942 1507 1103 1526
942 1426 1085 1445
942 1832 1085 1851
942 1750 1084 1769
1334 1088 1382 1136
878 1573 926 1621
878 1817 926 1865
878 1979 926 2027
878 1411 926 1459
878 1492 926 1540
878 2060 926 2108
878 1898 926 1946
878 1654 926 1702
878 1735 926 1783
942 1994 1057 2013
942 1588 1057 1607
889 2179 941 2206
1412 1040 1865 1043
1412 1040 1865 1043
1228 1020 1244 1036
930 1368 940 1378
854 1289 1890 2123
854 1890 1881.5 1962.5
854 1890 1800.5 1881.5
854 1890 1718.5 1800.5
854 1890 1637.5 1718.5
854 1890 1556.5 1637.5
854 1890 1475.5 1556.5
854 1890 1394.5 1475.5
854 1890 1289 1354.5
854 1890 1354.5 1394.5
854 1355 1890 1395
854 1355 1145 1395
854 1890 2043.5 2123
854 1890 1962.5 2043.5
701 824 1280 1257
737 1098 897 1116
737 1190 843 1208
737 1006 831 1024
737 914 826 932
737 1029 794 1047
737 937 794 955
737 1121 794 1139
737 1213 794 1231
1228 928 1244 944
725 1006 725 1049
725 1098 725 1141
725 1190 725 1233
725 914 725 957
701 1280 1165.5 1257
701 1280 1073.5 1165.5
701 1280 824 889.5
701 1280 889.5 981.5
701 1280 981.5 1073.5
1310 824 1889 1253
1334 914 1382 962
1334 1001 1382 1049
1412 953 1865 956
1412 953 1684 956
878 926.196 1370.34 1380.1
878 964.187 1315.08 1332.08
573 645.059 175 189.127
854 2155 1357 2413
878 2270 1333 2298
927 2235 974 2262
878 2235 924 2262
878 2350 951 2366
878 2377 1091 2380
878 2377 1006 2380
873.5 2181 889.5 2197
727 800.86 850.084 863.166
715 1384 799 1412
750 1389 789 1405
724 1392 736 1404
1734 559 1744 729
713 1935 800 1953
606 1190 648 1218
615 1196 639 1212
606 1102 648 1130
615 1108 639 1124
606 1015 648 1043
615 1021 639 1037
606 928 648 956
615 934 639 950
669 1932 693 1956
683 1932 707 1956
658 1932 682 1956
1726 747 1751 765
1073 747 1098 765
1478 747 1502 765
604 747 628 765
1810 747 1833 765
1562 747 1585 765
761 747 784 765
1231 747 1254 765
919 747 940 765
1645 747 1666 765
1343 718 1361 736
1341 618 1356 636
1400 747 1415 765
1366 629.5 1862 629.5
712 734.052 2742.59 2752.13
712 797.059 2592.34 2601.79
1335 1394.75 2689.12 2699.13
1335 1394.75 2637.12 2647.13
1608 2577 1890 2617
1468 2577 1608 2617
1665 2642 1785 2645
1665 2642 1737 2645
1492 1524.29 2637.57 2648.68
1737 1785 2642 2645
1632 2633 1658 2651
1665 2694 1785 2697
1665 2694 1749 2697
1335 1391 2592.43 2600
1492 1524.29 2689.57 2700.68
1311 1890 2668.5 2721.5
1311 1890 2616.5 2668.5
1311 1890 2576.5 2616.5
1311 2577 1890 2617
1311 2577 1468 2617
1632 2685 1658 2703
1749 1785 2694 2697
989 2577 1280 2617
1044 2685 1088 2703
1044 2633 1088 2651
1665 2747 1785 2750
1665 2747 1761 2750
1011.77 2635.24 1025.77 2649.24
1011.77 2687.24 1025.77 2701.24
712 733.614 2689.59 2699.13
712 733.665 2637.57 2647.13
1335 1378.07 2742.12 2755.12
1492 1524.28 2742.57 2753.68
1311 1890 2721.5 2772.5
1632 2738 1658 2756
1761 1785 2747 2750
688 2577 989 2617
1485 529 1495 729
1044 2738 1088 2756
1665 2798 1785 2801
1665 2798 1755 2801
1011.77 2740.24 1025.77 2754.24
1366 529.5 1862 529.5
489 521.176 2742.59 2753.68
489 521.189 2689.59 2700.68
489 521.24 2637.59 2648.68
211 345.436 2415.94 2429.58
1568 429 1578 729
1817 439 1827 729
1403 479 1413 729
1651 509 1661 729
282 2114 339 2133
290 2288 340 2307
293 747 313 765
250 1936 267 1955
452 747 467 765
1341 418 1356 436
1341 518 1356 536
230 1938 244 1952
261 2116 275 2130
269 2290 283 2304
1366 429.5 1862 429.5
712 733.652 2793.67 2803
182 268.766 2203.29 2215.59
182 268.931 2029.12 2039.13
1310 313 1889 796
1097 336 1173 373
1113 345 1157 364
1189 336 1258 373
1205 345 1242 364
185 1094 284 1114
185 920 279 940
185 1182 279 1202
185 1007 263 1027
200 1032 276 1050
200 1119 241 1137
200 945 240 963
200 1207 240 1225
197 1936 214 1955
185.5 1036.5 195.5 1046.5
185.5 1123.5 195.5 1133.5
185.5 949.5 195.5 959.5
185.5 1211.5 195.5 1221.5
182 716.399 2056.36 2092.36
203 2114 246 2133
182 2116 196 2130
116 799 2359.5 2477
116 799 1975.5 2359.5
116 1572 799 1914
142 2183 799 2326
203 2288 254 2307
182 2290 196 2304
142 2009 799 2152
116 2167 174 2225
120 2171 170 2221
116 1993 174 2051
120 1997 170 2047
116 1375 164 1423
116 1090 164 1138
116 916 164 964
116 1003 164 1051
116 1178 164 1226
180 1380 251 1399
180 1401 245 1419
136 1936 161 1955
177 1938 191 1952
116 1938 130 1952
198 2398 800 2441
116 2391 174 2449
182 750.9 2230.36 2266.36
1335 1398.02 2793.72 2806.12
1492 1524.27 2793.59 2804.68
1311 1890 2772.5 2824.5
1632 2789 1658 2807
1755 1785 2798 2801
116 793.109 1473.76 1543.84
116 647 1159.5 1253
116 647 1072.5 1159.5
116 647 985.5 1072.5
116 647 890.5 985.5
134 747 160 765
124 719 142 737
122 669 137 687
116 243.542 852.084 865.166
122 619 137 637
122 419 137 437
122 469 137 487
122 519 137 537
122 569 137 587
572.033 243.768 586.033 257.768
150.5 428.5 1241 727.5
465 2577 688 2617
639 241 744 260
182 241 287 260
1096 241 1201 260
1553 241 1658 260
1044 2789 1088 2807
132 241 171 260
589 241 628 260
1046 241 1085 260
1503 241 1542 260
1665 2850 1785 2853
1665 2850 1701 2853
1486.03 243.768 1500.03 257.768
1011.77 2843.24 1025.77 2857.24
1011.77 2791.24 1025.77 2805.24
1029.03 243.768 1043.03 257.768
116 232.892 2793.12 2806.12
116 233.971 2742.12 2755.12
116 229.312 2689.12 2702.12
116 162.63 2637.72 2650.12
116 182.808 2592.35 2600.1
116 201.125 2535.3 2552.08
116 216.124 1313.99 1331.08
116 205.922 357.084 370.166
116 209.875 175 189.127
116 195 190 222
1487 195 1556 222
573 195 625 222
1030 195 1065 222
1832 189 1852 209
1375 189 1395 209
917.997 189.004 937.997 209.004
462 189.844 480 207.844
116 173.327 335.749 343.098
133 176.21 35.3633 46.1367
1818 175 1866 223
904 175 952 223
447 175 495 223
1361 175 1409 223
489 521.189 2845.59 2856.68
712 733.665 2845.57 2855.13
1335 1377.47 2845.29 2855.13
1492 1524.19 2845.59 2856.68
92 1280 2824.5 2876
92 1280 2772.5 2824.5
92 1280 2721.5 2772.5
92 1280 2668.5 2721.5
92 1280 2616.5 2668.5
92 1280 2576.5 2616.5
92 1280 2508 2576.5
92 1289 823 2477
92 1280 313 396.5
92 2577 1280 2617
92 2577 465 2617
1311 1890 2824.5 2876
1311 2508 1890 2876
1632 2841 1658 2859
92 2508 1281 2876
1044 2841 1088 2859
101 814 1442.5 1975.5
1701 1785 2850 2853
92 823 1353.5 1442.5
92 823 1289 1353.5
92 824 671 1253
92 313 1280 796
92 671 824 890.5
549 158 976 278
1463 158 1890 278
92 158 519 278
115.033 243.768 129.033 257.768
1006 158 1433 278
1599 2908 1681 2927
1705 2908 1765 2927
1842 2908 1891 2927
1789 2908 1818 2927
0 0 1920 2958
61 0 1919 379
61 79 1919 379
92 105 164 132
1834 105 1890 133
1842.84 111 1880.84 127
227 111 309 130
1777 105 1822 133
1786.11 111 1813.11 127
329 111 379 130
208 112 226 130
310 112 328 130
191 113 207 129
61 0 1919 79
92 17 383 63
107.888 32.5916 121.888 46.5916
1775 23 1811 59
1819 31 1877 50
1727 32.9999 1743 48.9999
1679 33 1695 49
61 78.5 1919 78.5
0 0 61 1182
24 30 42 48
23.5 555 39.5 571
24.5002 256 38.5002 270
24.5 351.053 38.5 365.053
24.5 399 38.5 413
24.4974 446.003 38.4974 460.003
24.5 494.531 38.5 508.531
23.5002 601 37.5002 615
23.5004 649.023 37.5004 663.023
23.5 696 37.5 710
23.4974 743.003 37.4974 757.003
24.5002 113 38.5002 127
24.4996 161 38.4996 175
24.5 208 38.5 222
25.5001 305 37.5001 317
24 538.5 37 538.5
147 2910 232 2929
